王明悦	75	71.1	146.1
王筑悦	60.5	63.5	124.0
王顺悦	96	83.3	179.3
王朵悦	61	72.7	133.7
王菡悦	62.5	85.4	147.9
王蘭悦	22	88.1	110.1
王弥悦	76	75.4	151.4
王抒悦	92	71.1	163.1
王容悦	97	81.0	178.0
王潭悦	76	77.0	153.0
王骊悦	60	69.0	129.0
王泓悦	75	84.0	159.0
王修悦	94	81.0	175.0
王缬悦	78	84.4	162.4
王悦悦	95	70.6	165.6
王骐悦	60	68.7	128.7
王添悦	79	83.3	162.3
王萃悦	62.5	85.4	147.9
王识悦	92	72.1	164.1
王妙悦	76	78.7	154.7
王刁悦	64	89.5	153.5
王妞悦	76	78.7	154.7
王多悦	61	72.7	133.7
王爨悦	92	69.0	161.0
王铜悦	94.5	85.4	179.9
王苹悦	64	76.6	140.6
王屠悦	64	83.3	147.3
王丛悦	60	68.7	128.7
王亦悦	96	72.7	168.7
王帅悦	92	84.0	176.0
王棠悦	64	83.3	147.3
王瑄悦	22	88.1	110.1
王品悦	75	84.0	159.0
王囡悦	61	72.7	133.7
王壹悦	99	83.3	182.3
王捷悦	96	83.3	179.3
王远悦	96	75.4	171.4
王铄悦	97	76.6	173.6
王奎悦	95	84.0	179.0
王验悦	65	76.6	141.6
王骄悦	64	76.6	140.6
王曾悦	96	83.3	179.3
王岑悦	61	78.7	139.7
王柯悦	60	84.0	144.0
王书悦	94	81.0	175.0
王穎悦	22	88.1	110.1
王熹悦	61	77.0	138.0
王箢悦	62.5	85.4	147.9
王露悦	77	94.2	171.2
王谷悦	61	78.7	139.7
王珠悦	95	70.6	165.6
王飄悦	22	88.1	110.1
王客悦	60	84.0	144.0
王梨悦	63	70.6	133.6
王郑悦	60	72.1	132.1
王朱悦	61	72.7	133.7
王轮悦	60.5	63.5	124.0
王肠悦	92.5	63.5	156.0
王逢悦	77.5	85.4	162.9
王仅悦	65	75.2	140.2
王芹悦	62	81.0	143.0
王祝悦	62	81.0	143.0
王薇悦	60	72.1	132.1
王铭悦	94.5	85.4	179.9
王芽悦	62	81.0	143.0
王咏悦	95	71.1	166.1
王舰悦	62	94.2	156.2
王游悦	80	75.2	155.2
王一悦	98	88.2	186.2
王菁悦	62.5	85.4	147.9
王松悦	60	68.7	128.7
王钿悦	97	75.2	172.2
王采悦	61	78.7	139.7
王瓊悦	22	88.1	110.1
王翌悦	98	70.6	168.6
王女悦	65	84.7	149.7
王嬉悦	75.5	63.5	139.0
王琪悦	65	75.2	140.2
王军悦	60	84.0	144.0
王进悦	60.5	63.5	124.0
王翰悦	76	77.0	153.0
王澄悦	76	77.0	153.0
王玖悦	60	71.1	131.1
王坪悦	95	71.1	166.1
王滟悦	79	86.6	165.6
王缤悦	77	94.2	171.2
王霭悦	62.5	75.7	138.2
王萌悦	62.5	85.4	147.9
王住悦	61	78.7	139.7
王纪悦	60	84.0	144.0
王嵐悦	22	88.1	110.1
王贤悦	60.5	63.5	124.0
王波悦	75	84.0	159.0
王草悦	64	83.3	147.3
王优悦	96	75.4	171.4
王震悦	75.5	63.5	139.0
王腾悦	62	94.2	156.2
王姯悦	22	88.1	110.1
王尘悦	62.5	85.4	147.9
王偲悦	95	70.6	165.6
王跃悦	98	84.4	182.4
王平悦	75.5	71.3	146.8
王允悦	97.5	82.7	180.2
王文悦	77.5	82.7	160.2
王姳悦	22	88.1	110.1
王蒙悦	76	77.0	153.0
王璎悦	99	76.6	175.6
王朦悦	75	68.7	143.7
王奈悦	60	71.1	131.1
王韦悦	95	84.0	179.0
王篮悦	62	94.2	156.2
王师悦	94	81.0	175.0
王詹悦	65	75.2	140.2
王旻悦	60	71.1	131.1
王烙悦	62	81.0	143.0
王彨悦	22	88.1	110.1
王豪悦	77.5	85.4	162.9
王桃悦	62	81.0	143.0
王渲悦	80	75.2	155.2
王天悦	62.5	82.7	145.2
王惊悦	65	76.6	141.6
王韵悦	95	72.1	167.1
王聘悦	80	75.2	155.2
王妃悦	76	72.7	148.7
王檬悦	60	68.7	128.7
王垚悦	95	84.0	179.0
王贇悦	22	88.1	110.1
王迟悦	92	68.7	160.7
王凯悦	64	83.3	147.3
王刘悦	60.5	63.5	124.0
王硝悦	99	83.3	182.3
王賢悦	22	88.1	110.1
王宵悦	94	81.0	175.0
王劲悦	60	84.0	144.0
王雯悦	79	83.3	162.3
王细悦	95	70.6	165.6
王圣悦	100	75.2	175.2
王耕悦	62	81.0	143.0
王甜悦	63	70.6	133.6
王甫悦	76	78.7	154.7
王霖悦	76	77.0	153.0
王沫悦	75	84.0	159.0
王沁悦	75	71.1	146.1
王汐悦	76	78.7	154.7
王昕悦	60	71.1	131.1
王威悦	95	84.0	179.0
王蔓悦	61	75.4	136.4
王玘悦	22	88.1	110.1
王太悦	62.5	82.7	145.2
王斐悦	79	83.3	162.3
王滢悦	75	72.1	147.1
王栩悦	62	81.0	143.0
王珊悦	94	81.0	175.0
王珍悦	62	81.0	143.0
王镇悦	92	68.7	160.7
王岗悦	98	70.6	168.6
王沉悦	75	71.1	146.1
王佳悦	60	71.1	131.1
王儿悦	92	71.1	163.1
王勉悦	75	84.0	159.0
王霆悦	75.5	63.5	139.0
王彗悦	78	70.6	148.6
王蔼悦	64	76.6	140.6
王永悦	75.5	71.3	146.8
王渔悦	75.5	63.5	139.0
王迅悦	62	81.0	143.0
王加悦	60.5	71.3	131.8
王帮悦	76	75.4	151.4
王焱悦	64	83.3	147.3
王树悦	61	77.0	138.0
王睻悦	22	88.1	110.1
王发悦	79	83.3	162.3
王相悦	60	84.0	144.0
王詠悦	22	88.1	110.1
王靜悦	22	88.1	110.1
王岳悦	61	75.4	136.4
王禧悦	76	75.4	151.4
王蓬悦	61	75.4	136.4
王愫悦	94.5	85.4	179.9
王温悦	97.5	85.4	182.9
王窈悦	62	81.0	143.0
王蒋悦	61	75.4	136.4
王双悦	92	68.7	160.7
王艷悦	22	88.1	110.1
王谨悦	60	68.7	128.7
王锐悦	92.5	63.5	156.0
王漠悦	75.5	63.5	139.0
王杭悦	60	71.1	131.1
王歌悦	62.5	85.4	147.9
王伯悦	76	78.7	154.7
王泯悦	75	84.0	159.0
王峻悦	94	81.0	175.0
王亮悦	60	84.0	144.0
王翾悦	22	88.1	110.1
王珏悦	60	84.0	144.0
王坚悦	63	70.6	133.6
王颇悦	77.5	85.4	162.9
王胡悦	98	70.6	168.6
王章悦	63	70.6	133.6
王呓悦	99	76.6	175.6
王尹悦	97.5	82.7	180.2
王盼悦	75	84.0	159.0
王志悦	61	78.7	139.7
王龙悦	61	77.0	138.0
王赵悦	62.5	85.4	147.9
王毛悦	77.5	82.7	160.2
王玟悦	22	88.1	110.1
王旌悦	95	70.6	165.6
王悯悦	76	77.0	153.0
王憨悦	76	77.0	153.0
王陶悦	61	77.0	138.0
王艾悦	95	71.1	166.1
王乐悦	60.5	63.5	124.0
王笛悦	63	70.6	133.6
王思悦	92	84.0	176.0
王枝悦	60	71.1	131.1
王宝悦	62	94.2	156.2
王旖悦	97.5	85.4	182.9
王淅悦	79	83.3	162.3
王赞悦	92	72.1	164.1
王恩悦	97	81.0	178.0
王贝悦	76	78.7	154.7
王濠悦	75	68.7	143.7
王纬悦	95.5	63.5	159.0
王伦悦	62	81.0	143.0
王汝悦	76	78.7	154.7
王婵悦	92.5	63.5	156.0
王富悦	79	83.3	162.3
王柏悦	60	84.0	144.0
王末悦	75.5	71.3	146.8
王穗悦	76	75.4	151.4
王瑞悦	94.5	85.4	179.9
王拜悦	75	84.0	159.0
王锡悦	93	77.0	170.0
王夷悦	96	72.7	168.7
王剑悦	92.5	63.5	156.0
王字的女孩名字悦	1	70.0	71.0
王浩悦	78	70.6	148.6
王烟悦	65	75.2	140.2
王繁悦	76	75.4	151.4
王汁悦	76	72.7	148.7
王钥悦	92.5	68.3	160.8
王荣悦	62.5	85.4	147.9
王河悦	75	84.0	159.0
王三悦	97	84.7	181.7
王凤悦	77.5	85.4	162.9
王珞悦	63	70.6	133.6
王馡悦	22	88.1	110.1
王象悦	96	83.3	179.3
王遥悦	61	75.4	136.4
王启悦	63	70.6	133.6
王芃悦	60	84.0	144.0
王乔悦	64	83.3	147.3
王霞悦	76	75.4	151.4
王舒悦	96	83.3	179.3
王交悦	61	72.7	133.7
王小悦	97	84.7	181.7
王素悦	94	81.0	175.0
王钰悦	97	75.2	172.2
王旋悦	95	70.6	165.6
王念悦	60	71.1	131.1
王徽悦	93	75.4	168.4
王华悦	77.5	85.4	162.9
王珈悦	62	81.0	143.0
王孜悦	93	78.7	171.7
王茎悦	65	75.2	140.2
王桀悦	62	81.0	143.0
王筱悦	65	75.2	140.2
王希悦	76	78.7	154.7
王少悦	94.5	82.7	177.2
王想悦	97	75.2	172.2
王篪悦	61	77.0	138.0
王竞悦	60	72.1	132.1
王而悦	93	72.7	165.7
王旬悦	93	72.7	165.7
王兑悦	93	78.7	171.7
王庆悦	60.5	63.5	124.0
王靄悦	22	88.1	110.1
王睿悦	94.5	85.4	179.9
王昱悦	60	84.0	144.0
王帆悦	76	72.7	148.7
王是悦	92	84.0	176.0
王长悦	60	71.1	131.1
王皎悦	63	70.6	133.6
王涂悦	80	75.2	155.2
王谦悦	61	75.4	136.4
王冰悦	76	72.7	148.7
王滇悦	77.5	85.4	162.9
王田悦	60.5	71.3	131.8
王万悦	75.5	63.5	139.0
王需悦	94.5	85.4	179.9
王昌悦	92	71.1	163.1
王瑛悦	97.5	85.4	182.9
王玳悦	62	81.0	143.0
王湄悦	80	75.2	155.2
王仁悦	94.5	82.7	177.2
王克悦	61	78.7	139.7
王茗悦	64	83.3	147.3
王奚悦	62	81.0	143.0
王莎悦	65	75.2	140.2
王也悦	100	84.7	184.7
王强悦	63	70.6	133.6
王蕊悦	60	68.7	128.7
王柳悦	60	84.0	144.0
王商悦	95	70.6	165.6
王名悦	76	72.7	148.7
王摩悦	75.5	63.5	139.0
王幽悦	95	84.0	179.0
王功悦	60.5	71.3	131.8
王冯悦	79	83.3	162.3
王董悦	60.5	63.5	124.0
王榮悦	22	88.1	110.1
王丁悦	64	89.5	153.5
王讳悦	76	77.0	153.0
王莼悦	61	75.4	136.4
王姿悦	92	84.0	176.0
王榆悦	65	75.2	140.2
王梦悦	62.5	85.4	147.9
王涓悦	78	70.6	148.6
王海悦	78	70.6	148.6
王北悦	75.5	71.3	146.8
王四悦	92.5	71.3	163.8
王貞悦	22	88.1	110.1
王倾悦	65	75.2	140.2
王泽悦	76	75.4	151.4
王引悦	97.5	82.7	180.2
王倪悦	94	81.0	175.0
王浣悦	78	70.6	148.6
王久悦	65	84.7	149.7
王茸悦	64	83.3	147.3
王随悦	95	84.4	179.4
王蜜悦	77.5	85.4	162.9
王霜悦	76	75.4	151.4
王丽悦	60	72.1	132.1
王院悦	95.5	63.5	159.0
王焓悦	63	70.6	133.6
王颍悦	75.5	63.5	139.0
王祯悦	62.5	85.4	147.9
王边悦	79	76.6	155.6
王婧悦	63	70.6	133.6
王路悦	65	75.2	140.2
王钢悦	93	77.0	170.0
王近悦	63	70.6	133.6
王祉悦	60	84.0	144.0
王又悦	99	89.5	188.5
王寄悦	63	70.6	133.6
王韻悦	22	88.1	110.1
王谌悦	93	77.0	170.0
王芬悦	62	81.0	143.0
王样悦	60.5	63.5	124.0
王絮悦	96	83.3	179.3
王洋悦	77	81.0	158.0
王汪悦	75	71.1	146.1
王燕悦	96	77.0	173.0
王美悦	75	84.0	159.0
王聰悦	22	88.1	110.1
王辅悦	77.5	85.4	162.9
王立悦	60.5	71.3	131.8
王疼悦	62	81.0	143.0
王柄悦	60	84.0	144.0
王晚悦	78	70.6	148.6
王壬悦	77.5	82.7	160.2
王烛悦	61	75.4	136.4
王豫悦	96	77.0	173.0
王颉悦	60.5	63.5	124.0
王纳悦	62	81.0	143.0
王亳悦	77	81.0	158.0
王妍悦	76	78.7	154.7
王乙悦	98	88.2	186.2
王许悦	63	70.6	133.6
王隽悦	65	75.2	140.2
王其悦	60	71.1	131.1
王芷悦	62	81.0	143.0
王灿悦	61	75.4	136.4
王漩悦	75.5	63.5	139.0
王月悦	62.5	82.7	145.2
王召悦	60.5	71.3	131.8
王莽悦	62.5	85.4	147.9
王男悦	61	78.7	139.7
王晃悦	62	81.0	143.0
王珆悦	22	88.1	110.1
王飘悦	62	94.2	156.2
王環悦	22	88.1	110.1
王羡悦	96	83.3	179.3
王瘫悦	62.5	75.7	138.2
王怀悦	77	94.2	171.2
王荟悦	60	72.1	132.1
王梵悦	63	70.6	133.6
王达悦	61	77.0	138.0
王娣悦	62	81.0	143.0
王妮悦	60	71.1	131.1
王荷悦	65	75.2	140.2
王钇悦	92	84.0	176.0
王然悦	96	83.3	179.3
王始悦	92	71.1	163.1
王炫悦	60	84.0	144.0
王婷悦	64	83.3	147.3
王璟悦	22	88.1	110.1
王琚悦	65	75.2	140.2
王洁悦	76	77.0	153.0
王叶悦	95.5	63.5	159.0
王涟悦	75.5	63.5	139.0
王警悦	62	94.2	156.2
王邵悦	96	83.3	179.3
王朗悦	63	70.6	133.6
王挚悦	92.5	63.5	156.0
王桤悦	62.5	85.4	147.9
王辉悦	75.5	63.5	139.0
王鸣悦	77.5	85.4	162.9
王鲜悦	93	75.4	168.4
王儒悦	93	77.0	170.0
王江悦	76	78.7	154.7
王倩悦	94	81.0	175.0
王众悦	95	70.6	165.6
王惜悦	96	83.3	179.3
王嫱悦	93	77.0	170.0
王珑悦	63	84.4	147.4
王玹悦	22	88.1	110.1
王告悦	61	78.7	139.7
王介悦	62.5	82.7	145.2
王宣悦	92	84.0	176.0
王术悦	63	70.6	133.6
王爽悦	95	70.6	165.6
王檩悦	61	75.4	136.4
王洪悦	77	81.0	158.0
王潔悦	22	88.1	110.1
王撞悦	93	77.0	170.0
王菲悦	62.5	85.4	147.9
王娘悦	62	81.0	143.0
王宸悦	94	81.0	175.0
王硼悦	100	75.2	175.2
王泉悦	75	84.0	159.0
王汀悦	76	72.7	148.7
王秀悦	93	78.7	171.7
王佚悦	96	78.7	174.7
王淡悦	79	83.3	162.3
王惟悦	99	83.3	182.3
王重悦	60	84.0	144.0
王粉悦	62	81.0	143.0
王臂悦	75	72.1	147.1
王竹悦	61	72.7	133.7
王绘悦	75	72.1	147.1
王镜悦	92	72.1	164.1
王童悦	96	83.3	179.3
王礼悦	60	68.7	128.7
王箫悦	60	68.7	128.7
王誉悦	98	84.4	182.4
王俪悦	63	84.4	147.4
王显悦	65	76.6	141.6
王吓悦	61	75.4	136.4
王园悦	100	75.2	175.2
王韩悦	76	75.4	151.4
王碱悦	99	83.3	182.3
王千悦	97	84.7	181.7
王忻悦	75	71.1	146.1
王迪悦	64	83.3	147.3
王政悦	60	71.1	131.1
王博悦	79	83.3	162.3
王琼悦	62	94.2	156.2
王霏悦	76	77.0	153.0
王锶悦	93	75.4	168.4
王荆悦	77.5	85.4	162.9
王畦悦	98	70.6	168.6
王磊悦	95.5	63.5	159.0
王无悦	79	83.3	162.3
王振悦	63	70.6	133.6
王潼悦	76	77.0	153.0
王盈悦	75	84.0	159.0
王展悦	62	81.0	143.0
王娥悦	77	81.0	158.0
王毓悦	65	75.2	140.2
王楓悦	22	88.1	110.1
王钶悦	97	75.2	172.2
王酝悦	96	75.4	171.4
王特悦	62	81.0	143.0
王午悦	62.5	82.7	145.2
王匡悦	61	72.7	133.7
王心悦	94.5	82.7	177.2
王璧悦	95	68.7	163.7
王妶悦	22	88.1	110.1
王令悦	60.5	71.3	131.8
王幔悦	77.5	85.4	162.9
王豔悦	22	88.1	110.1
王園悦	22	88.1	110.1
王策悦	64	83.3	147.3
王羚悦	63	70.6	133.6
王濡悦	75	68.7	143.7
王均悦	96	78.7	174.7
王迎悦	98	70.6	168.6
王洛悦	77	81.0	158.0
王岱悦	60	71.1	131.1
王潞悦	76	77.0	153.0
王姜悦	60	72.1	132.1
王滔悦	77.5	85.4	162.9
王祖悦	94	81.0	175.0
王鹰悦	65	76.6	141.6
王芸悦	62	81.0	143.0
王炯悦	60	84.0	144.0
王先悦	93	72.7	165.7
王芯悦	62	81.0	143.0
王理悦	64	83.3	147.3
王鸿悦	76	75.4	151.4
王付悦	75.5	71.3	146.8
王懿悦	99	76.6	175.6
王秋悦	92	84.0	176.0
王洳悦	77	81.0	158.0
王画悦	99	83.3	182.3
王蜀悦	97	75.2	172.2
王瑤悦	22	88.1	110.1
王尔悦	62.5	85.4	147.9
王夭悦	97.5	82.7	180.2
王暄悦	97	75.2	172.2
王玛悦	75.5	63.5	139.0
王胤悦	63	70.6	133.6
王朝悦	96	83.3	179.3
王荧悦	62.5	85.4	147.9
王材悦	61	78.7	139.7
王诚悦	94.5	85.4	179.9
王聪悦	93	75.4	168.4
王鸫悦	60	72.1	132.1
王苗悦	78	70.6	148.6
王瓤悦	79	76.6	155.6
王藏悦	62	94.2	156.2
王要悦	95	84.0	179.0
王潾悦	22	88.1	110.1
王荞悦	60	68.7	128.7
王蕙悦	60	68.7	128.7
王藤悦	63	84.4	147.4
王淼悦	79	83.3	162.3
王之悦	62.5	82.7	145.2
王沛悦	75	71.1	146.1
王野悦	98	70.6	168.6
王姣悦	60	84.0	144.0
王冽悦	60	71.1	131.1
王应悦	96	75.4	171.4
王涵悦	79	83.3	162.3
王选悦	92	72.1	164.1
王豆悦	61	78.7	139.7
王瓖悦	22	88.1	110.1
王云悦	79	83.3	162.3
王垣悦	95	84.0	179.0
王绵悦	77.5	85.4	162.9
王津悦	77	81.0	158.0
王闰悦	64	83.3	147.3
王潘悦	76	77.0	153.0
王壮悦	93	78.7	171.7
王渊悦	79	83.3	162.3
王卉悦	60.5	71.3	131.8
王榕悦	62.5	85.4	147.9
王芄悦	60	84.0	144.0
王蓁悦	61	77.0	138.0
王夢悦	22	88.1	110.1
王蓮悦	22	88.1	110.1
王紅悦	22	88.1	110.1
王埕悦	97	81.0	178.0
王菠悦	77.5	85.4	162.9
王辛悦	93	78.7	171.7
王皖悦	64	83.3	147.3
王全悦	61	72.7	133.7
王侯悦	75	84.0	159.0
王仙悦	92.5	71.3	163.8
王闽悦	77.5	85.4	162.9
王亨悦	76	78.7	154.7
王韬悦	60	72.1	132.1
王遂悦	61	77.0	138.0
王杏悦	61	78.7	139.7
王耀悦	62	94.2	156.2
王钗悦	95	70.6	165.6
王尧悦	64	83.3	147.3
王换悦	80	75.2	155.2
王溢悦	77.5	85.4	162.9
王皓悦	64	83.3	147.3
王艽悦	60	71.1	131.1
王盛悦	96	83.3	179.3
王恺悦	62.5	85.4	147.9
王勋悦	96	77.0	173.0
王苇悦	60.5	63.5	124.0
王成悦	93	78.7	171.7
王錦悦	22	88.1	110.1
王俐悦	60	84.0	144.0
王荭悦	60.5	63.5	124.0
王茂悦	63	70.6	133.6
王墨悦	75.5	63.5	139.0
王浚悦	78	70.6	148.6
王李悦	61	78.7	139.7
王新悦	97	75.2	172.2
王濒悦	77	94.2	171.2
王晴悦	64	83.3	147.3
王弋悦	65	84.7	149.7
王凌悦	62	81.0	143.0
王晖悦	80	75.2	155.2
王釗悦	22	88.1	110.1
王悉悦	95	70.6	165.6
王炜悦	65	75.2	140.2
王纶悦	62.5	85.4	147.9
王宁悦	62.5	85.4	147.9
王颢悦	63	84.4	147.4
王忙悦	76	78.7	154.7
王胜悦	96	83.3	179.3
王夜悦	95	71.1	166.1
王桑悦	62	81.0	143.0
王鳳悦	22	88.1	110.1
王眉悦	75	84.0	159.0
王字悦	93	72.7	165.7
王严悦	62	94.2	156.2
王倚悦	62	81.0	143.0
王雷悦	80	75.2	155.2
王占悦	92.5	71.3	163.8
王楦悦	65	75.2	140.2
王学悦	76	77.0	153.0
王虹悦	60	84.0	144.0
王迈悦	77	94.2	171.2
王域悦	98	70.6	168.6
王留悦	62	81.0	143.0
王痴悦	60	72.1	132.1
王潍悦	75	68.7	143.7
王寒悦	79	83.3	162.3
王芙悦	62	81.0	143.0
王純悦	22	88.1	110.1
王冬悦	60.5	71.3	131.8
王晟悦	63	70.6	133.6
王风悦	75	84.0	159.0
王耘悦	77	81.0	158.0
王旨悦	61	72.7	133.7
王铃悦	97	75.2	172.2
王萱悦	60.5	63.5	124.0
王叆悦	60.5	68.3	128.8
王送悦	97	75.2	172.2
王欠悦	62.5	82.7	145.2
王兴悦	75.5	63.5	139.0
王倍悦	77	81.0	158.0
王贺悦	79	83.3	162.3
王环悦	92	68.7	160.7
王慰悦	95.5	63.5	159.0
王仕悦	92.5	71.3	163.8
王纹悦	77	81.0	158.0
王宓悦	75	71.1	146.1
王保悦	75	84.0	159.0
王淑悦	79	83.3	162.3
王金悦	92	71.1	163.1
王南悦	60	84.0	144.0
王澜悦	78	84.4	162.4
王禅悦	93	75.4	168.4
王娉悦	77	81.0	158.0
王庐悦	60	72.1	132.1
王君悦	61	78.7	139.7
王潆悦	77	94.2	171.2
王曰悦	97.5	82.7	180.2
王恬悦	62	81.0	143.0
王阚悦	62	94.2	156.2
王奉悦	75	71.1	146.1
王趣悦	92.5	63.5	156.0
王纂悦	62	94.2	156.2
王裕悦	97	75.2	172.2
王萍悦	77.5	85.4	162.9
王楼悦	60.5	63.5	124.0
王郡悦	62.5	85.4	147.9
王嬋悦	22	88.1	110.1
王裔悦	100	75.2	175.2
王竣悦	96	83.3	179.3
王裙悦	65	75.2	140.2
王薛悦	60	72.1	132.1
王狄悦	60	71.1	131.1
王媚悦	79	83.3	162.3
王林悦	60	71.1	131.1
王焉悦	98	70.6	168.6
王渠悦	80	75.2	155.2
王肖悦	60	84.0	144.0
王冀悦	61	77.0	138.0
王漪悦	75.5	63.5	139.0
王卿悦	63	70.6	133.6
王寓悦	64	83.3	147.3
王恋悦	65	76.6	141.6
王臻悦	61	77.0	138.0
王栗悦	62	81.0	143.0
王菀悦	62.5	85.4	147.9
王奥悦	100	75.2	175.2
王砚悦	99	83.3	182.3
王正悦	92.5	71.3	163.8
王绪悦	94.5	85.4	179.9
王蔚悦	61	75.4	136.4
王孟悦	75	71.1	146.1
王诺悦	61	77.0	138.0
王蓉悦	61	77.0	138.0
王煤悦	65	75.2	140.2
王临悦	61	75.4	136.4
王轩悦	97	81.0	178.0
王姲悦	22	88.1	110.1
王纯悦	94	81.0	175.0
王曦悦	62	94.2	156.2
王拉悦	60	84.0	144.0
王纫悦	92	84.0	176.0
王劭悦	93	78.7	171.7
王捉悦	63	70.6	133.6
王慕悦	75.5	63.5	139.0
王瀛悦	77	94.2	171.2
王昀悦	95	71.1	166.1
王悫悦	94.5	85.4	179.9
王圻悦	96	78.7	174.7
王活悦	77	81.0	158.0
王苓悦	63	70.6	133.6
王佟悦	61	78.7	139.7
王楣悦	65	75.2	140.2
王罄悦	61	75.4	136.4
王紈悦	22	88.1	110.1
王娓悦	97	81.0	178.0
王馒悦	77	94.2	171.2
王尉悦	98	70.6	168.6
王藝悦	22	88.1	110.1
王陈悦	61	77.0	138.0
王弟悦	61	78.7	139.7
王溪悦	77.5	85.4	162.9
王斯悦	96	83.3	179.3
王澍悦	76	77.0	153.0
王咪悦	75	84.0	159.0
王早悦	93	72.7	165.7
王郝悦	94.5	85.4	179.9
王娆悦	75.5	63.5	139.0
王帝悦	60	84.0	144.0
王婉悦	98	70.6	168.6
王赫悦	62.5	85.4	147.9
王里悦	65	75.2	140.2
王周悦	92	71.1	163.1
王淳悦	79	83.3	162.3
王艮悦	96	72.7	168.7
王沐悦	75	71.1	146.1
王玥悦	95	84.0	179.0
王廷悦	61	78.7	139.7
王彩悦	95	70.6	165.6
王翔悦	99	83.3	182.3
王叡悦	22	88.1	110.1
王能悦	64	83.3	147.3
王伟悦	98	70.6	168.6
王棋悦	64	83.3	147.3
王芋悦	60	84.0	144.0
王巍悦	98	84.4	182.4
王晶悦	64	83.3	147.3
王曼悦	78	70.6	148.6
王羿悦	60	84.0	144.0
王帙悦	60	71.1	131.1
王巴悦	77.5	82.7	160.2
王合悦	76	72.7	148.7
王米悦	76	72.7	148.7
王峰悦	77	81.0	158.0
王岭悦	96	75.4	171.4
王西悦	93	72.7	165.7
王获悦	60	68.7	128.7
王曉悦	22	88.1	110.1
王咚悦	60	71.1	131.1
王龄悦	62	94.2	156.2
王康悦	63	70.6	133.6
王科悦	60	84.0	144.0
王森悦	64	83.3	147.3
王晁悦	94	81.0	175.0
王遣悦	93	75.4	168.4
王行悦	76	72.7	148.7
王节悦	92.5	63.5	156.0
王池悦	76	78.7	154.7
王庭悦	62	81.0	143.0
王佼悦	60	71.1	131.1
王霈悦	75.5	63.5	139.0
王湫悦	80	75.2	155.2
王仲悦	61	72.7	133.7
王议悦	62	94.2	156.2
王兰悦	65	76.6	141.6
王琬悦	100	75.2	175.2
王亞悦	22	88.1	110.1
王蓓悦	61	77.0	138.0
王攫悦	62.5	75.7	138.2
王艺悦	63	84.4	147.4
王香悦	75	84.0	159.0
王仿悦	76	72.7	148.7
王娟悦	62	81.0	143.0
王攸悦	96	78.7	174.7
王迁悦	92	72.1	164.1
王阳悦	96	75.4	171.4
王華悦	22	88.1	110.1
王鸽悦	61	75.4	136.4
王峪悦	62	81.0	143.0
王福悦	77.5	85.4	162.9
王吴悦	61	78.7	139.7
王奶悦	61	75.4	136.4
王的悦	60	71.1	131.1
王粼悦	62.5	85.4	147.9
王贞悦	60	84.0	144.0
王绍悦	95	70.6	165.6
王喻悦	96	83.3	179.3
王杜悦	61	78.7	139.7
王莲悦	61	75.4	136.4
王慧悦	75.5	63.5	139.0
王研悦	60	84.0	144.0
王歆悦	97	75.2	172.2
王昳悦	22	88.1	110.1
王邱悦	64	83.3	147.3
王琛悦	97	75.2	172.2
王频悦	76	77.0	153.0
王飚悦	78	84.4	162.4
王苑悦	63	70.6	133.6
王巧悦	60.5	71.3	131.8
王声悦	93	75.4	168.4
王炳悦	60	84.0	144.0
王琍悦	22	88.1	110.1
王王悦	97.5	82.7	180.2
王歡悦	22	88.1	110.1
王萧悦	60	68.7	128.7
王汇悦	80	75.2	155.2
王恒悦	77	81.0	158.0
王鹏悦	75	72.1	147.1
王麒悦	60	72.1	132.1
王茵悦	64	83.3	147.3
王屏悦	75	84.0	159.0
王羽悦	96	72.7	168.7
王幢悦	92.5	63.5	156.0
王虞悦	65	75.2	140.2
王姬悦	60	84.0	144.0
王莹悦	60.5	63.5	124.0
王原悦	62	81.0	143.0
王鸾悦	62	89.6	151.6
王赋悦	75.5	63.5	139.0
王鶯悦	22	88.1	110.1
王嫂悦	97	75.2	172.2
王奴悦	60.5	71.3	131.8
王微悦	80	75.2	155.2
王施悦	92	84.0	176.0
王禾悦	75.5	71.3	146.8
王瑶悦	60.5	63.5	124.0
王荻悦	65	75.2	140.2
王丹悦	62.5	82.7	145.2
王堔悦	22	88.1	110.1
王雁悦	64	83.3	147.3
王遗悦	60	72.1	132.1
王坊悦	96	78.7	174.7
王来悦	60	71.1	131.1
王湾悦	76	83.2	159.2
王朋悦	75	71.1	146.1
王度悦	92	84.0	176.0
王晗悦	63	70.6	133.6
王侠悦	60	84.0	144.0
王敷悦	92.5	63.5	156.0
王元悦	62.5	82.7	145.2
王钟悦	94	94.2	188.2
王姞悦	60	84.0	144.0
王春悦	92	84.0	176.0
王黎悦	60.5	63.5	124.0
王日悦	62.5	82.7	145.2
王珴悦	22	88.1	110.1
王珀悦	77	81.0	158.0
王山悦	100	84.7	184.7
王麟悦	65	76.6	141.6
王适悦	60	68.7	128.7
王谣悦	61	75.4	136.4
王俞悦	92	84.0	176.0
王苒悦	63	70.6	133.6
王媛悦	64	83.3	147.3
王渺悦	80	75.2	155.2
王泰悦	60	84.0	144.0
王敬悦	65	75.2	140.2
王粤悦	99	83.3	182.3
王翼悦	92	68.7	160.7
王咖悦	60	71.1	131.1
王刚悦	94	81.0	175.0
王不悦	77.5	82.7	160.2
王毅悦	60.5	63.5	124.0
王燮悦	61	75.4	136.4
王壁悦	96	77.0	173.0
王家悦	62	81.0	143.0
王筝悦	62.5	85.4	147.9
王烁悦	60	72.1	132.1
王初悦	93	78.7	171.7
王妤悦	76	78.7	154.7
王融悦	96	77.0	173.0
王岚悦	99	83.3	182.3
王泳悦	75	84.0	159.0
王蕾悦	60	72.1	132.1
王牛悦	62.5	82.7	145.2
王叫悦	60.5	71.3	131.8
王锵悦	92	72.1	164.1
王琳悦	65	75.2	140.2
王颐悦	95.5	63.5	159.0
王姑悦	60	71.1	131.1
王巳悦	65	84.7	149.7
王曲悦	61	72.7	133.7
王娅悦	98	70.6	168.6
王钱悦	93	77.0	170.0
王嫔悦	76	75.4	151.4
王甲悦	60.5	71.3	131.8
王绚悦	96	83.3	179.3
王梅悦	63	70.6	133.6
王渝悦	80	75.2	155.2
王增悦	95.5	63.5	159.0
王雄悦	79	83.3	162.3
王妹悦	75	71.1	146.1
王人悦	96	89.5	185.5
王荑悦	64	83.3	147.3
王滚悦	75.5	63.5	139.0
王常悦	95	70.6	165.6
王裳悦	62.5	85.4	147.9
王易悦	60	71.1	131.1
王芊悦	60	84.0	144.0
王利悦	61	78.7	139.7
王招悦	60	84.0	144.0
王京悦	60	71.1	131.1
王如悦	93	72.7	165.7
王争悦	60	71.1	131.1
王止悦	62.5	82.7	145.2
王炅悦	60	71.1	131.1
王宛悦	95	71.1	166.1
王驰悦	65	75.2	140.2
王麓悦	60	72.1	132.1
王年悦	61	72.7	133.7
王东悦	60	71.1	131.1
王琦悦	65	75.2	140.2
王菊悦	62.5	85.4	147.9
王晏悦	97	81.0	178.0
王赏悦	92.5	63.5	156.0
王诗悦	97	75.2	172.2
王丞悦	93	72.7	165.7
王申悦	92.5	71.3	163.8
王会悦	80	75.2	155.2
王幺悦	65	84.7	149.7
王镌悦	95	84.4	179.4
王殷悦	97	81.0	178.0
王轺悦	64	83.3	147.3
王征悦	60	71.1	131.1
王固悦	60	71.1	131.1
王祺悦	65	75.2	140.2
王复悦	75.5	63.5	139.0
王熙悦	80	75.2	155.2
王业悦	65	75.2	140.2
王葛悦	60.5	63.5	124.0
王淋悦	79	83.3	162.3
王锦悦	93	77.0	170.0
王譞悦	22	88.1	110.1
王幻悦	77.5	82.7	160.2
王航悦	77	81.0	158.0
王璞悦	76	75.4	151.4
王宗悦	92	71.1	163.1
王姗悦	92	71.1	163.1
王祥悦	95	70.6	165.6
王魏悦	60	68.7	128.7
王维悦	97.5	85.4	182.9
王唏悦	94	81.0	175.0
王缀悦	62.5	85.4	147.9
王结悦	64	83.3	147.3
王宴悦	97	81.0	178.0
王骁悦	96	76.6	172.6
王堂悦	98	70.6	168.6
王辰悦	96	78.7	174.7
王铂悦	97	75.2	172.2
王鼎悦	65	75.2	140.2
王绿悦	62.5	85.4	147.9
王嫻悦	22	88.1	110.1
王邑悦	96	78.7	174.7
王玉悦	60.5	71.3	131.8
王有悦	96	72.7	168.7
王灵悦	62.5	75.7	138.2
王央悦	95.5	71.3	166.8
王靖悦	97	75.2	172.2
王霓悦	76	77.0	153.0
王静悦	93	77.0	170.0
王涔悦	78	70.6	148.6
王援悦	100	75.2	175.2
王鹭悦	65	76.6	141.6
王怿悦	96	75.4	171.4
王渭悦	80	75.2	155.2
王煦悦	97	75.2	172.2
王尚悦	92	71.1	163.1
王楚悦	65	75.2	140.2
王耒悦	61	72.7	133.7
王醉悦	60.5	63.5	124.0
王卫悦	95.5	63.5	159.0
王磬悦	61	77.0	138.0
王禄悦	65	75.2	140.2
王植悦	64	83.3	147.3
王义悦	65	75.2	140.2
王亭悦	60	84.0	144.0
王未悦	60.5	71.3	131.8
王翘悦	60	68.7	128.7
王昔悦	92	71.1	163.1
王侬悦	60.5	63.5	124.0
王姵悦	22	88.1	110.1
王辞悦	97	75.2	172.2
王隆悦	61	75.4	136.4
王翠悦	94.5	85.4	179.9
王莫悦	80	75.2	155.2
王灼悦	61	78.7	139.7
王呈悦	61	78.7	139.7
王漫悦	75.5	63.5	139.0
王儀悦	22	88.1	110.1
王宾悦	77.5	85.4	162.9
王嵘悦	96	75.4	171.4
王倰悦	22	88.1	110.1
王薪悦	60	72.1	132.1
王旸悦	65	75.2	140.2
王沪悦	75.5	63.5	139.0
王颗悦	61	75.4	136.4
王瞳悦	61	75.4	136.4
王彤悦	61	78.7	139.7
王耐悦	60	84.0	144.0
王笳悦	63	70.6	133.6
王连悦	62.5	85.4	147.9
王世悦	92.5	71.3	163.8
王星悦	92	84.0	176.0
王广悦	60.5	63.5	124.0
王怜悦	61	77.0	138.0
王贵悦	64	83.3	147.3
王霄悦	75.5	63.5	139.0
王伊悦	96	72.7	168.7
王朔悦	62	81.0	143.0
王媱悦	22	88.1	110.1
王宇悦	96	72.7	168.7
王玺悦	60	72.1	132.1
王呤悦	60	71.1	131.1
王艳悦	97.5	75.7	173.2
王润悦	76	77.0	153.0
王盖悦	61	77.0	138.0
王钦悦	96	83.3	179.3
王敏悦	78	70.6	148.6
王时悦	94	81.0	175.0
王琰悦	65	75.2	140.2
王罕悦	75	84.0	159.0
王幸悦	75	71.1	146.1
王炀悦	65	75.2	140.2
王芳悦	62	81.0	143.0
王坤悦	95	71.1	166.1
王信悦	92	84.0	176.0
王岩悦	95	71.1	166.1
王仉悦	62.5	82.7	145.2
王桦悦	61	77.0	138.0
王逸悦	95.5	63.5	159.0
王梁悦	63	70.6	133.6
王单悦	64	83.3	147.3
王寰悦	76	77.0	153.0
王律悦	60	84.0	144.0
王淞悦	79	83.3	162.3
王宋悦	93	78.7	171.7
王扬悦	65	75.2	140.2
王亚悦	95	71.1	166.1
王橙悦	61	77.0	138.0
王球悦	64	83.3	147.3
王嵋悦	99	83.3	182.3
王武悦	75	71.1	146.1
王清悦	79	83.3	162.3
王经悦	65	75.2	140.2
王杨悦	65	75.2	140.2
王瑗悦	62.5	85.4	147.9
王伶悦	61	78.7	139.7
王煜悦	65	75.2	140.2
王纤悦	97	76.6	173.6
王兆悦	61	72.7	133.7
王煊悦	65	75.2	140.2
王大悦	65	84.7	149.7
王羲悦	93	75.4	168.4
王我悦	61	78.7	139.7
王自悦	61	72.7	133.7
王珺悦	64	83.3	147.3
王胎悦	63	70.6	133.6
王肇悦	62.5	85.4	147.9
王涛悦	75	68.7	143.7
王涑悦	78	70.6	148.6
王寧悦	22	88.1	110.1
王青悦	92	71.1	163.1
王可悦	60.5	71.3	131.8
王情悦	96	83.3	179.3
王纾悦	94	81.0	175.0
王薷悦	62	94.2	156.2
王仇悦	94.5	82.7	177.2
王曙悦	60	68.7	128.7
王卡悦	60.5	71.3	131.8
王雲悦	22	88.1	110.1
王法悦	75	84.0	159.0
王哈悦	75	84.0	159.0
王火悦	62.5	82.7	145.2
王石悦	92.5	71.3	163.8
王侨悦	62.5	85.4	147.9
王定悦	60	71.1	131.1
王丫悦	100	84.7	184.7
王玚悦	94.5	85.4	179.9
王郭悦	60.5	63.5	124.0
王赟悦	22	88.1	110.1
王夙悦	93	72.7	165.7
王向悦	76	72.7	148.7
王丕悦	75.5	71.3	146.8
王籽悦	60	84.0	144.0
王飞悦	75	84.0	159.0
王彬悦	63	70.6	133.6
王舜悦	96	83.3	179.3
王娴悦	95.5	63.5	159.0
王州悦	93	72.7	165.7
王予悦	97.5	82.7	180.2
王善悦	96	83.3	179.3
王琢悦	65	75.2	140.2
王祎悦	97.5	85.4	182.9
王影悦	95.5	63.5	159.0
王铁悦	95	84.4	179.4
王英悦	63	70.6	133.6
王妲悦	60	71.1	131.1
王碧悦	77.5	85.4	162.9
王奔悦	75	84.0	159.0
王奇悦	60	71.1	131.1
王厚悦	75	84.0	159.0
王巾悦	65	84.7	149.7
王逦悦	61	83.2	144.2
王粟悦	96	83.3	179.3
王凝悦	76	77.0	153.0
王聆悦	63	70.6	133.6
王黛悦	61	75.4	136.4
王僮悦	94.5	85.4	179.9
王乃悦	64	89.5	153.5
王婕悦	63	70.6	133.6
王与悦	97.5	85.4	182.9
王於悦	95	71.1	166.1
王晔悦	61	77.0	138.0
王甄悦	94.5	85.4	179.9
王尤悦	97.5	82.7	180.2
王玢悦	75	84.0	159.0
王言悦	61	78.7	139.7
王焰悦	64	83.3	147.3
王陵悦	61	77.0	138.0
王汉悦	75.5	63.5	139.0
王葆悦	60.5	63.5	124.0
王同悦	61	72.7	133.7
王欧悦	95.5	63.5	159.0
王谭悦	60	72.1	132.1
王俏悦	60	84.0	144.0
王宽悦	60.5	63.5	124.0
王健悦	63	70.6	133.6
王缘悦	95.5	63.5	159.0
王位悦	96	78.7	174.7
王弈悦	60	84.0	144.0
王硕悦	97.5	85.4	182.9
王桓悦	62	81.0	143.0
王若悦	63	70.6	133.6
王建悦	60	84.0	144.0
王释悦	94	94.2	188.2
王源悦	77.5	85.4	162.9
王杉悦	61	78.7	139.7
王恨悦	77	81.0	158.0
王存悦	93	72.7	165.7
王意悦	100	75.2	175.2
王五悦	62.5	82.7	145.2
王方悦	77.5	82.7	160.2
王玫悦	75	84.0	159.0
王姹悦	92	84.0	176.0
王牧悦	75	71.1	146.1
王鹤悦	78	84.4	162.4
王语悦	62.5	85.4	147.9
王鸳悦	96	77.0	173.0
王谊悦	60.5	63.5	124.0
王娱悦	62	81.0	143.0
王淇悦	79	83.3	162.3
王汶悦	75	71.1	146.1
王凉悦	62	81.0	143.0
王普悦	79	83.3	162.3
王油悦	75	84.0	159.0
王棹悦	64	83.3	147.3
王眺悦	98	70.6	168.6
王映悦	60	84.0	144.0
王荇悦	64	83.3	147.3
王哲悦	62	81.0	143.0
王任悦	93	72.7	165.7
王妆悦	93	78.7	171.7
王宪悦	76	77.0	153.0
王或悦	75	71.1	146.1
王邦悦	78	70.6	148.6
王莘悦	65	75.2	140.2
王郁悦	80	75.2	155.2
王荔悦	64	83.3	147.3
王配悦	77	81.0	158.0
王夫悦	77.5	82.7	160.2
王宜悦	60	71.1	131.1
王蝉悦	92	68.7	160.7
王鲁悦	60.5	63.5	124.0
王桂悦	62	81.0	143.0
王株悦	62	81.0	143.0
王颜悦	60	68.7	128.7
王晓悦	61	77.0	138.0
王铠悦	92	68.7	160.7
王运悦	96	77.0	173.0
王娜悦	62	81.0	143.0
王秦悦	62	81.0	143.0
王葵悦	60.5	63.5	124.0
王蕤悦	60	68.7	128.7
王瑾悦	61	77.0	138.0
王浛悦	78	70.6	148.6
王治悦	75	84.0	159.0
王蝶悦	60.5	63.5	124.0
王靓悦	92.5	63.5	156.0
王培悦	98	70.6	168.6
王民悦	75.5	71.3	146.8
王娇悦	60.5	63.5	124.0
王夕悦	97	84.7	181.7
王栋悦	64	83.3	147.3
王放悦	75	71.1	146.1
王琨悦	65	75.2	140.2
王和悦	75	71.1	146.1
王齐悦	94.5	85.4	179.9
王铬悦	94.5	85.4	179.9
王照悦	65	75.2	140.2
王兔悦	92	71.1	163.1
王百悦	76	72.7	148.7
王喆悦	22	88.1	110.1
王晨悦	95	70.6	165.6
王珉悦	77.5	85.4	162.9
王唯悦	98	70.6	168.6
王衡悦	96	77.0	173.0
王孙悦	94	81.0	175.0
王评悦	79	83.3	162.3
王潜悦	76	77.0	153.0
王每悦	76	78.7	154.7
王绮悦	62.5	85.4	147.9
王禹悦	95	84.0	179.0
王吟悦	61	78.7	139.7
王洺悦	22	88.1	110.1
王效悦	77	81.0	158.0
王仪悦	60.5	63.5	124.0
王储悦	92	68.7	160.7
王迷悦	80	75.2	155.2
王育悦	97	81.0	178.0
王莉悦	65	75.2	140.2
王勤悦	65	75.2	140.2
王稚悦	100	75.2	175.2
王雅悦	64	83.3	147.3
王雨悦	75	71.1	146.1
王期悦	64	83.3	147.3
王余悦	96	78.7	174.7
王憧悦	93	77.0	170.0
王茹悦	64	83.3	147.3
王士悦	97	84.7	181.7
王湘悦	80	75.2	155.2
王浥悦	22	88.1	110.1
王国悦	63	70.6	133.6
王高悦	62	81.0	143.0
王舟悦	93	72.7	165.7
王德悦	60.5	63.5	124.0
王燊悦	61	77.0	138.0
王安悦	96	72.7	168.7
王瀚悦	77	94.2	171.2
王再悦	93	72.7	165.7
王桐悦	62	81.0	143.0
王樱悦	63	84.4	147.4
王物悦	75	71.1	146.1
王杞悦	61	78.7	139.7
王湛悦	80	75.2	155.2
王棂悦	60	75.9	135.9
王睫悦	65	75.2	140.2
王聿悦	61	72.7	133.7
王壕悦	96	75.4	171.4
王趁悦	64	83.3	147.3
王寇悦	63	70.6	133.6
王鑫悦	94.5	75.7	170.2
王珂悦	62	81.0	143.0
王冷悦	76	78.7	154.7
王斌悦	78	70.6	148.6
王卓悦	60	71.1	131.1
王秉悦	75	71.1	146.1
王甘悦	60.5	71.3	131.8
王蕴悦	64	76.6	140.6
王颦悦	77.5	75.7	153.2
王鹂悦	62	89.6	151.6
王勒悦	63	70.6	133.6
王铮悦	93	77.0	170.0
王讲悦	61	75.4	136.4
王为悦	99	83.3	182.3
王越悦	99	83.3	182.3
王孺悦	93	75.4	168.4
王寿悦	94.5	85.4	179.9
王登悦	64	83.3	147.3
王墉悦	97.5	85.4	182.9
王畅悦	62.5	85.4	147.9
王超悦	96	83.3	179.3
王荫悦	61	75.4	136.4
王葉悦	22	88.1	110.1
王川悦	97	84.7	181.7
王舞悦	77.5	85.4	162.9
王谰悦	62.5	75.7	138.2
王吉悦	61	72.7	133.7
王传悦	65	75.2	140.2
王衍悦	75	84.0	159.0
王瑚悦	77.5	85.4	162.9
王张悦	63	70.6	133.6
王冉悦	60.5	71.3	131.8
王译悦	94	94.2	188.2
王韶悦	94.5	85.4	179.9
王钊悦	94	81.0	175.0
王力悦	64	89.5	153.5
王益悦	97	81.0	178.0
王涌悦	80	75.2	155.2
王瀾悦	22	88.1	110.1
王闻悦	77.5	85.4	162.9
王冠悦	60	84.0	144.0
王戴悦	60	68.7	128.7
王弘悦	75.5	71.3	146.8
王枷悦	60	84.0	144.0
王勇悦	95	84.0	179.0
王愿悦	62.5	85.4	147.9
王崇悦	95	70.6	165.6
王雪悦	78	70.6	148.6
王函悦	75	71.1	146.1
王滨悦	75	68.7	143.7
王以悦	95.5	71.3	166.8
王白悦	75.5	71.3	146.8
王喜悦	79	83.3	162.3
王守悦	93	72.7	165.7
王馥悦	75	68.7	143.7
王熠悦	60.5	63.5	124.0
王臣悦	93	72.7	165.7
王孝悦	76	78.7	154.7
王沙悦	75	71.1	146.1
王顿悦	65	75.2	140.2
王钧悦	96	83.3	179.3
王舫悦	77	81.0	158.0
王肴悦	97	81.0	178.0
王格悦	62	81.0	143.0
王炎悦	60	71.1	131.1
王质悦	60.5	63.5	124.0
王红悦	75	84.0	159.0
王鋆悦	22	88.1	110.1
王程悦	64	83.3	147.3
王约悦	95	84.0	179.0
王竟悦	63	70.6	133.6
王虔悦	62	81.0	143.0
王瀅悦	22	88.1	110.1
王沿悦	75	84.0	159.0
王紫悦	95	70.6	165.6
王嘉悦	62.5	85.4	147.9
王璇悦	60	72.1	132.1
王古悦	60.5	71.3	131.8
王知悦	60	71.1	131.1
王今悦	62.5	82.7	145.2
王麗悦	22	88.1	110.1
王璃悦	61	77.0	138.0
王旺悦	95	71.1	166.1
王佐悦	93	78.7	171.7
王笑悦	94	81.0	175.0
王厉悦	60.5	63.5	124.0
王瓒悦	94.5	75.7	170.2
王菱悦	62.5	85.4	147.9
王琸悦	22	88.1	110.1
王贻悦	99	83.3	182.3
王纺悦	77	81.0	158.0
王带悦	63	70.6	133.6
王起悦	62	81.0	143.0
王庄悦	97	75.2	172.2
王簧悦	60	68.7	128.7
王彦悦	60	84.0	144.0
王上悦	97	84.7	181.7
王颀悦	65	75.2	140.2
王偀悦	22	88.1	110.1
王才悦	94.5	82.7	177.2
王翎悦	63	70.6	133.6
王芦悦	64	76.6	140.6
王绯悦	77.5	85.4	162.9
王蔺悦	64	76.6	140.6
王忠悦	60	71.1	131.1
王嫣悦	97.5	85.4	182.9
王屿悦	96	75.4	171.4
王烈悦	62	81.0	143.0
王轶悦	64	83.3	147.3
王丰悦	60	68.7	128.7
王柔悦	92	84.0	176.0
王净悦	96	83.3	179.3
王蝈悦	61	75.4	136.4
王鸯悦	61	77.0	138.0
王玩悦	60	84.0	144.0
王圆悦	100	75.2	175.2
王渌悦	79	83.3	162.3
王玮悦	97.5	85.4	182.9
王薰悦	62	94.2	156.2
王楔悦	65	75.2	140.2
王承悦	92	71.1	163.1
王音悦	95	84.0	179.0
王故悦	60	84.0	144.0
王官悦	60	71.1	131.1
王何悦	61	78.7	139.7
王生悦	92.5	71.3	163.8
王在悦	93	72.7	165.7
王贯悦	63	70.6	133.6
王偌悦	63	70.6	133.6
王璐悦	61	75.4	136.4
王樾悦	61	77.0	138.0
王体悦	65	76.6	141.6
王蘅悦	64	76.6	140.6
王中悦	62.5	82.7	145.2
王促悦	92	84.0	176.0
王亿悦	95.5	63.5	159.0
王阜悦	75	71.1	146.1
王典悦	60	71.1	131.1
王箬悦	60.5	63.5	124.0
王欣悦	60	71.1	131.1
王仓悦	94	81.0	175.0
王徐悦	94	81.0	175.0
王玲悦	62	81.0	143.0
王楠悦	65	75.2	140.2
王悠悦	98	70.6	168.6
王蒸悦	61	77.0	138.0
王咛悦	61	75.4	136.4
王姐悦	60	71.1	131.1
王府悦	75	71.1	146.1
王咭悦	60	84.0	144.0
王佶悦	60	71.1	131.1
王群悦	65	75.2	140.2
王婭悦	22	88.1	110.1
王茜悦	64	83.3	147.3
王璋悦	61	77.0	138.0
王澳悦	76	75.4	151.4
王佩悦	75	71.1	146.1
王木悦	62.5	82.7	145.2
王廉悦	65	75.2	140.2
王代悦	60.5	71.3	131.8
王改悦	61	78.7	139.7
王好悦	76	72.7	148.7
王训悦	77	81.0	158.0
王营悦	61	75.4	136.4
王葭悦	60.5	63.5	124.0
王沂悦	75	71.1	146.1
王琀悦	79	83.3	162.3
王司悦	92.5	71.3	163.8
王擎悦	61	75.4	136.4
王旷悦	60	72.1	132.1
王侑悦	95	71.1	166.1
王陆悦	61	77.0	138.0
王幼悦	95.5	71.3	166.8
王叔悦	92	71.1	163.1
王姝悦	92	84.0	176.0
王景悦	64	83.3	147.3
王阿悦	100	75.2	175.2
王羊悦	96	72.7	168.7
王怡悦	95	84.0	179.0
王岷悦	95	71.1	166.1
王依悦	95	71.1	166.1
王灏悦	75.5	68.3	143.8
王烨悦	62.5	85.4	147.9
王励悦	61	75.4	136.4
王姚悦	95	84.0	179.0
王企悦	61	72.7	133.7
王菏悦	77.5	85.4	162.9
王良悦	61	78.7	139.7
王阅悦	95.5	63.5	159.0
王蕉悦	60	68.7	128.7
王渤悦	80	75.2	155.2
王九悦	64	89.5	153.5
王夏悦	62	81.0	143.0
王锋悦	92.5	63.5	156.0
王含悦	76	78.7	154.7
王密悦	78	70.6	148.6
王欢悦	79	76.6	155.6
王真悦	94	81.0	175.0
王彪悦	78	70.6	148.6
王爱悦	100	75.2	175.2
王托悦	61	78.7	139.7
王瑷悦	95	68.7	163.7
王旭悦	61	72.7	133.7
王端悦	62.5	85.4	147.9
王纭悦	62	81.0	143.0
王慈悦	94.5	85.4	179.9
王桢悦	65	75.2	140.2
王奕悦	60	84.0	144.0
王苏悦	64	76.6	140.6
王颖悦	61	77.0	138.0
王骅悦	79	76.6	155.6
王兵悦	76	78.7	154.7
王侃悦	92	71.1	163.1
王泠悦	75	84.0	159.0
王子悦	80	84.7	164.7
王溶悦	77.5	85.4	162.9
王潇悦	77	94.2	171.2
王枫悦	65	75.2	140.2
王献悦	62	94.2	156.2
王校悦	62	81.0	143.0
王瑜悦	94.5	85.4	179.9
王阁悦	77.5	85.4	162.9
王范悦	75.5	63.5	139.0
王满悦	75.5	63.5	139.0
王砾悦	97	94.2	191.2
王独悦	93	75.4	168.4
王凡悦	80	84.7	164.7
王莓悦	65	75.2	140.2
王芝悦	62	81.0	143.0
王殉悦	94	81.0	175.0
王郦悦	61	83.2	144.2
王煌悦	65	75.2	140.2
王傲悦	100	75.2	175.2
王望悦	78	70.6	148.6
王寅悦	98	70.6	168.6
王臆悦	95	72.1	167.1
王?悦	22	88.1	110.1
王机悦	61	77.0	138.0
王焕悦	65	75.2	140.2
王樟悦	60.5	63.5	124.0
王皑悦	60.5	63.5	124.0
王莺悦	63	84.4	147.4
王态悦	62.5	85.4	147.9
王柿悦	60	71.1	131.1
王丝悦	96	83.3	179.3
王续悦	95	84.4	179.4
王铌悦	97	75.2	172.2
王城悦	97	81.0	178.0
王银悦	94.5	85.4	179.9
王蓝悦	62	94.2	156.2
王果悦	60	71.1	131.1
王珮悦	95	70.6	165.6
王嫦悦	94.5	85.4	179.9
王地悦	96	72.7	168.7
王馨悦	94	94.2	188.2
王裴悦	62.5	85.4	147.9
王愛悦	22	88.1	110.1
王嫒悦	96	77.0	173.0
王唆悦	94	81.0	175.0
王非悦	75	71.1	146.1
王蒂悦	60.5	63.5	124.0
王忆悦	96	75.4	171.4
王殿悦	65	75.2	140.2
王智悦	64	83.3	147.3
王延悦	96	78.7	174.7
王俊悦	60	84.0	144.0
王芮悦	62	81.0	143.0
王悅悦	22	88.1	110.1
王旎悦	63	70.6	133.6
王俸悦	77	81.0	158.0
王诒悦	99	83.3	182.3
王纨悦	60	84.0	144.0
王撇悦	76	77.0	153.0
王洲悦	77	81.0	158.0
王昭悦	60	84.0	144.0
王湖悦	80	75.2	155.2
王璘悦	22	88.1	110.1
王璜悦	76	75.4	151.4
王赢悦	62	94.2	156.2
王杰悦	64	83.3	147.3
王水悦	77.5	82.7	160.2
王光悦	61	72.7	133.7
王沄悦	75	71.1	146.1
王闵悦	79	83.3	162.3
王赛悦	93	75.4	168.4
王宏悦	76	78.7	154.7
王友悦	97.5	82.7	180.2
王愉悦	97	75.2	172.2
王珩悦	78	70.6	148.6
王昊悦	60	71.1	131.1
王于悦	100	84.7	184.7
王梓悦	63	70.6	133.6
王锬悦	93	77.0	170.0
王攀悦	60	72.1	132.1
王祈悦	60	84.0	144.0
王习悦	78	70.6	148.6
王莊悦	22	88.1	110.1
王箐悦	62.5	85.4	147.9
王晋悦	62	81.0	143.0
王岁悦	97	75.2	172.2
王冕悦	78	70.6	148.6
王翊悦	63	70.6	133.6
王薏悦	60	72.1	132.1
王彧悦	97	81.0	178.0
王筠悦	65	75.2	140.2
王通悦	62.5	85.4	147.9
王花悦	62	81.0	143.0
王缨悦	100	76.6	176.6
王亲悦	61	77.0	138.0
王琴悦	65	75.2	140.2
王实悦	94.5	85.4	179.9
王继悦	62	94.2	156.2
王惠悦	79	83.3	162.3
王稆悦	22	88.1	110.1
